
image_width: 640
image_height: 480
camera_name: camera

camera_matrix:
  rows: 3
  cols: 3
  data: [335.874937, 0.000000, 319.515958, 0, 335.599836, 247.318680, 0, 0, 1]
distortion_model: plumb_bob
distortion_coefficients:
  rows: 1
  cols: 5
  data: [-0.312642, 0.073860, 0.000737, 0.000481, 0]
rectification_matrix:
  rows: 3
  cols: 3
  data: [1, 0, 0, 0, 1, 0, 0, 0, 1]
projection_matrix:
  rows: 3
  cols: 4
  data: [236.792648, 0, 319.669573, 0,  0, 266.396484, 252.305694, 0, 0, 0, 1, 0]