cam_model: ATAN
cam_width: 640
cam_height: 480
cam_fx: 0.434089
cam_fy: 0.577488
cam_cx: 0.48338
cam_cy: 0.505466
cam_d0: 0