cam_model: ATAN
cam_width: 752
cam_height: 480
cam_fx: 0.437443
cam_fy: 0.685481
cam_cx: 0.504592
cam_cy: 0.575132
cam_d0: 0.954889
