cam_model: ATAN
cam_width: 640
cam_height: 480
cam_fx: 0.473964
cam_fy: 0.631399
cam_cx: 0.502045
cam_cy: 0.540589
cam_d0: 0.984529
