cam_model: ATAN
cam_width: 640
cam_height: 480
cam_fx: 0.535291
cam_fy: 0.713839
cam_cx: 0.503732
cam_cy: 0.572605
cam_d0: 0.957511
